Sta node#,distance,timerx(notassociated),timeidle(notassociated),timetx(notassociated),timesleep(notassociated),timecollision(notassociated)
0,27.6629,9.65804,(0.04328),9.34291,(0.506286),0.31424,(0.00656),90.0261,(0),0.0904199,(0.00184052)
1,30.734,10.7394,(0.39304),9.5582,(9.11141),0.38276,(0.00656),79.5135,(0),0.279233,(0.00552369)
2,41.9403,9.98152,(0.24984),9.59633,(4.76181),0.33216,(0.00656),84.91,(0),0.147717,(0.003682)
3,16.9095,10.8137,(0.26896),10.0692,(5.73169),0.30376,(0.00328),82.6028,(0),0.192622,(0.00368264)
4,12.396,8.70584,(0.09388),8.47418,(1.40677),0.32556,(0.00328),90.8136,(0),0.162809,(0.00368126)
5,25.3432,9.56768,(0.3134),8.94326,(6.69147),0.33544,(0.00656),83.9178,(0),0.210336,(0.00368275)
6,21.4655,9.36316,(0.049),9.0454,(0.508495),0.29816,(0.00984),90.5489,(0),0.166637,(3.26e-07)
7,44.3703,8.76636,(0.4196),8.34864,(9.11725),0.29216,(0.00656),82.8897,(0),0.147486,(0.0018429)
8,33.4271,8.18412,(0.1612),7.97321,(2.3578),0.29368,(0.00656),90.8354,(0),0.17394,(0.00368144)
9,42.8656,8.60324,(0.20892),8.27682,(3.32199),0.36264,(0.00656),89.0227,(0),0.18305,(0.00368171)
10,19.486,8.2506,(0.27712),8.12149,(5.73494),0.28472,(0.00656),87.1928,(0),0.117675,(0.00368271)
11,15.668,7.07124,(0.1724),7.11994,(2.82825),0.30792,(0.00328),92.3671,(0),0.11588,(0.0036817)
12,42.1206,7.8842,(0.18604),7.59079,(3.31678),0.31648,(0.00656),90.5408,(0),0.144286,(0.00368159)
13,19.4849,7.9772,(0.03184),7.63088,(0.503497),0.30936,(0.00656),93.3864,(0),0.142004,(0.00184049)
14,45.9523,8.87916,(0.33276),8.51269,(7.17873),0.34512,(0.00656),84.563,(0),0.167889,(0.0036833)
15,30.3457,8.19128,(0.32704),7.87233,(7.17767),0.32112,(0.00656),85.9434,(0),0.146601,(0.00368228)
16,36.751,6.99144,(0.40876),7.03765,(9.11462),0.31296,(0.00656),86.0296,(0),0.0825052,(0.00552368)
17,42.0053,8.15592,(0.12468),7.87424,(1.89151),0.3584,(0.00656),91.4537,(0),0.120937,(0.0036814)
18,41.7839,7.11848,(0.19176),7.10677,(3.31799),0.41276,(0.00656),91.7002,(0),0.131433,(0.00368237)
19,42.6692,7.15156,(0.20604),7.11812,(3.32042),0.3286,(0.00656),91.7222,(0),0.132409,(0.00368232)
20,34.7897,7.6892,(0.28832),7.58037,(6.21408),0.3428,(0.00656),87.7642,(0),0.100461,(0.00368287)
21,44.28,6.95736,(0.38268),7.04201,(8.61797),0.32872,(0.00328),86.5874,(0),0.0665653,(0.00368325)
22,36.1399,6.39864,(0.03756),6.63485,(0.504814),0.30488,(0.00656),96.0062,(0),0.0943162,(0.00184064)
23,41.4869,6.66092,(0.24412),6.87697,(4.76028),0.32984,(0.00656),91.0211,(0),0.086183,(0.0036822)
24,49.659,6.67812,(0.08124),6.96524,(0.945501),0.3268,(0.00984),94.8734,(0),0.107682,(0.0018406)
25,26.7788,6.08044,(0.3246),6.35117,(7.17605),0.28696,(0.00328),89.701,(0),0.0624412,(0.00368213)
26,40.9861,6.03896,(0.07124),6.45009,(0.942404),0.35584,(0.00656),96.0565,(0),0.0662397,(0.00184083)
27,41.3817,5.38196,(0.29976),5.89034,(6.21656),0.31256,(0.00656),91.828,(0),0.0501976,(0.00368309)
28,37.9496,4.88864,(0.26104),5.5206,(5.23961),0.33088,(0.00328),93.6768,(0),0.0651021,(0.00368196)
29,47.3515,4.36164,(0.35784),5.07127,(7.65365),0.32584,(0.00656),92.1617,(0),0.0474822,(0.00368284)
30,26.1121,15.1043,(0.09632),13.2618,(1.4084),0.41112,(0.00656),79.328,(0),0.369494,(0.00368109)
31,42.6218,5.42068,(0.14976),5.82295,(2.35475),0.21348,(0.00656),95.9911,(0),0.0267259,(0.00368125)
32,39.7596,9.53804,(0.06552),8.92464,(0.940984),0.34216,(0.00656),89.9774,(0),0.192504,(0.00184092)
33,25.1599,12.0537,(0.07696),10.8148,(0.943872),0.31052,(0.00656),85.5557,(0),0.223842,(0.00368106)
34,42.5119,12.6343,(0.2714),11.2561,(5.73389),0.31096,(0.00656),79.5338,(0),0.238896,(0.00368219)
35,41.9615,9.45096,(0.3564),8.95077,(7.65297),0.324,(0.00656),83.1153,(0),0.129025,(0.00368244)
36,45.2032,8.79428,(0.22828),8.2677,(3.77617),0.42024,(0.00656),88.2559,(0),0.236862,(0.00368261)
37,18.2812,10.5759,(0.14732),9.95196,(2.35333),0.29688,(0.00328),86.4931,(0),0.164185,(0.00368191)
38,38.4939,9.76816,(0.17484),8.97467,(2.82962),0.31416,(0.00656),87.6164,(0),0.301576,(0.00368133)
39,29.2372,9.47052,(0.36904),8.85047,(8.13161),0.30428,(0.00328),82.6338,(0),0.222998,(0.00368257)
40,46.2996,7.97972,(0.10204),7.81501,(1.40961),0.32264,(0.00656),92.1928,(0),0.157526,(0.00368126)
41,42.4644,9.79816,(0.0486),9.42424,(0.509231),0.30096,(0.00984),89.7309,(0),0.165822,(0.00184064)
42,48.2063,8.78644,(0.33848),8.42919,(7.17989),0.33432,(0.00656),84.7779,(0),0.13322,(0.00368336)
43,16.4517,7.83384,(0.00584),7.71655,(0.498488),0.31952,(0.00328),93.493,(0),0.119152,(3.15e-07)
44,14.6978,7.99752,(0.24168),7.79989,(4.75897),0.30192,(0.00328),88.7585,(0),0.12416,(0.00368249)
45,30.7995,7.31924,(0.0304),7.25873,(0.502969),0.3106,(0.00656),94.4734,(0),0.0858611,(0.0018406)
46,36.4773,7.68196,(0.13284),7.56843,(1.89539),0.32264,(0.00984),92.2662,(0),0.108651,(0.00368124)
47,31.4562,7.80432,(0.12712),7.81852,(1.89444),0.31672,(0.00984),91.9088,(0),0.106227,(0.00368181)
48,9.07124,7.13932,(0.11324),7.16289,(1.88741),0.2924,(0.00328),93.2578,(0),0.129566,(0.00368136)
49,43.561,7.5616,(0.37148),7.37762,(8.13287),0.33856,(0.00656),86.0385,(0),0.158761,(0.00368351)
50,9.12752,6.8902,(0.11568),7.03852,(1.88857),0.31096,(0.00656),93.61,(0),0.125477,(0.00368121)
51,47.3162,7.56564,(0.04472),7.46859,(0.50749),0.38632,(0.00656),93.8474,(0),0.161056,(0.00184037)
52,13.3853,7.39324,(0.3906),7.36897,(9.11005),0.2918,(0.00328),85.3167,(0),0.111322,(0.00368291)
53,31.5489,7.293,(0.20748),7.45965,(3.32084),0.30512,(0.00656),91.2824,(0),0.110892,(0.00368221)
54,41.3136,6.50492,(0.15548),6.6669,(2.35638),0.30784,(0.00656),93.8987,(0),0.0891523,(0.00368137)
55,32.9737,6.67692,(0.29404),6.81291,(6.21509),0.3324,(0.00656),89.5614,(0),0.0866249,(0.00368302)
56,15.2325,6.49592,(0.40732),6.66385,(9.11389),0.3212,(0.00656),86.888,(0),0.0874031,(0.00552306)
57,39.7895,6.1594,(0.01256),6.48259,(0.500073),0.29148,(0.00656),96.4659,(0),0.0711106,(2.66e-07)
58,20.4159,6.0184,(0.31096),6.32585,(6.68969),0.30024,(0.00328),90.2379,(0),0.0996438,(0.00368263)
59,16.3328,5.49472,(0.41448),5.87541,(9.11615),0.28624,(0.00656),88.7179,(0),0.0726144,(0.00552333)
60,49.1204,4.95192,(0.21136),5.5216,(3.32461),0.3292,(0.00984),95.5813,(0),0.056108,(0.00368209)
61,17.3283,4.42552,(0.06308),5.20579,(0.939407),0.33456,(0.00328),98.9844,(0),0.0317512,(0.00184078)
62,32.451,14.9932,(0.34968),13.0258,(7.65097),0.38784,(0.00328),73.192,(0),0.383243,(0.00368239)
63,31.122,4.28068,(0.22584),5.00752,(3.77481),0.2198,(0.00328),96.4495,(0),0.0245057,(0.00368238)
